-0.1925133     -0.229501     -0.259731     
25.59976     0.455889     0.9411147     
0.8878179     0.7640905     20.39762     
0.01031208     19.92401     0.00816524     
1.601001     0.1923051     18.77865     
7.888885     0.5134354     18.8421     
7.646359     0.1330066     12.60195     
4.880884     5.61516     15.83675
10.85529     0.4005394     17.99036     
14.75562     0.2897663     18.47814     
15.59356     0.8539362     15.03915     
13.09814     3.666506     16.28351     
18.92453     4.120823     18.12226     
22.91935     4.472667     19.56523     
24.13471     4.466371     15.96525     
20.39117     4.613851     14.84877     
19.05193     0.295414     18.43849     
24.06989     0.2057657     15.72151     
15.79525     6.138773     5.797415     
20.76532     6.31733     9.557312     
24.55992     6.610955     5.35919     
19.59548     6.343044     1.092762     
15.838     0.0765605     5.849338     
20.7492     0.3463917     9.468341     
24.37118     0.3088775     4.777407     
     

